-85671,
227017,
122798,
93235,
81661,
70085,
52996,
29310,
-114,
-33290,
-67476,
-99451,
-125813,
-143330,
-149259,
-141682,
-119810,
-84147,
-36598,
19555,
79877,
139046,
191321,
231029,
253146,
253847,
230968,
184398,
116265,
30965,
-65108,
-163936,
-256536,
-333713,
-386925,
-409153,
-395666,
-344684,
-257789,
-140029,
254,
151939,
301959,
436354,
541528,
605459,
619244,
577386,
480247,
331495,
142060,
-74359,
-300106,
-514690,
-697903,
-831142,
-898579,
-889230,
-798650,
-629644,
-392292,
-103486,
214057,
533435,
825796,
1062854,
1219519,
1276439,
1222064,
1054241,
780981,
420356,
-496,
-447317,
-881375,
-1262754,
-1553880,
-1723100,
-1747870,
-1617383,
-1334220,
-914885,
-389141,
201930,
808983,
1378409,
1856951,
2196501,
2358754,
2319230,
2070214,
1622413,
1004944,
263869,
-541343,
-1341911,
-2066199,
-2645046,
-3019055,
-3143827,
-2994811,
-2570958,
-1895594,
-1015702,
792,
1070249,
2100080,
2996356,
3672166,
4055889,
4098344,
3778258,
3105555,
2122132,
899804,
-464714,
-1857150,
-3154987,
-4237967,
-4998861,
-5353741,
-5250557,
-4675424,
-3655705,
-2259681,
-592473,
1211415,
2998610,
4609522,
5892181,
6716118,
6984999,
6646847,
5700875,
4200121,
2249473,
-1008,
-2367095,
-4644875,
-6627818,
-8124786,
-8977829,
-9077534,
-8375527,
-6891497,
-4715367,
-2002814,
1034885,
4146299,
7059999,
9507120,
11244972,
12079878,
11886688,
10623416,
8339710,
5177673,
1364672,
-2801386,
-6973765,
-10784109,
-13872959,
-15921366,
-16680751,
-15998728,
-13838326,
-10288438,
-5564562,
1192,
5980267,
11877286,
17166996,
21336155,
23927127,
24579967,
23069483,
19334131,
13494081,
5856386,
-3093758,
-12715741,
-22249319,
-30861344,
-37700550,
-41956777,
-42920482,
-40038370,
-32960761,
-21577332,
-6037916,
13243085,
35600294,
60147687,
85824708,
111455092,
135814711,
157704284,
176021711,
189829591,
198413298,
201325330,
198413298,
189829591,
176021711,
157704284,
135814711,
111455092,
85824708,
60147687,
35600294,
13243085,
-6037916,
-21577332,
-32960761,
-40038370,
-42920482,
-41956777,
-37700550,
-30861344,
-22249319,
-12715741,
-3093758,
5856386,
13494081,
19334131,
23069483,
24579967,
23927127,
21336155,
17166996,
11877286,
5980267,
1192,
-5564562,
-10288438,
-13838326,
-15998728,
-16680751,
-15921366,
-13872959,
-10784109,
-6973765,
-2801386,
1364672,
5177673,
8339710,
10623416,
11886688,
12079878,
11244972,
9507120,
7059999,
4146299,
1034885,
-2002814,
-4715367,
-6891497,
-8375527,
-9077534,
-8977829,
-8124786,
-6627818,
-4644875,
-2367095,
-1008,
2249473,
4200121,
5700875,
6646847,
6984999,
6716118,
5892181,
4609522,
2998610,
1211415,
-592473,
-2259681,
-3655705,
-4675424,
-5250557,
-5353741,
-4998861,
-4237967,
-3154987,
-1857150,
-464714,
899804,
2122132,
3105555,
3778258,
4098344,
4055889,
3672166,
2996356,
2100080,
1070249,
792,
-1015702,
-1895594,
-2570958,
-2994811,
-3143827,
-3019055,
-2645046,
-2066199,
-1341911,
-541343,
263869,
1004944,
1622413,
2070214,
2319230,
2358754,
2196501,
1856951,
1378409,
808983,
201930,
-389141,
-914885,
-1334220,
-1617383,
-1747870,
-1723100,
-1553880,
-1262754,
-881375,
-447317,
-496,
420356,
780981,
1054241,
1222064,
1276439,
1219519,
1062854,
825796,
533435,
214057,
-103486,
-392292,
-629644,
-798650,
-889230,
-898579,
-831142,
-697903,
-514690,
-300106,
-74359,
142060,
331495,
480247,
577386,
619244,
605459,
541528,
436354,
301959,
151939,
254,
-140029,
-257789,
-344684,
-395666,
-409153,
-386925,
-333713,
-256536,
-163936,
-65108,
30965,
116265,
184398,
230968,
253847,
253146,
231029,
191321,
139046,
79877,
19555,
-36598,
-84147,
-119810,
-141682,
-149259,
-143330,
-125813,
-99451,
-67476,
-33290,
-114,
29310,
52996,
70085,
81661,
93235,
122798,
227017,
-85671,
