28356,
-288040,
-111874,
-73448,
-32000,
7599,
26694,
15392,
-19197,
-53948,
-59614,
-15612,
76953,
191296,
283083,
308586,
245133,
104323,
-69348,
-215406,
-283379,
-256312,
-160236,
-53773,
-1027,
-39509,
-158220,
-297711,
-374256,
-318834,
-113426,
193224,
500031,
694171,
700866,
519545,
228024,
-49693,
-199493,
-171998,
-9760,
168475,
222255,
59504,
-310410,
-767836,
-1126445,
-1213210,
-949739,
-396687,
262734,
796690,
1025531,
903901,
544328,
167965,
237,
160110,
588934,
1068726,
1312038,
1097808,
386915,
-638715,
-1637058,
-2245772,
-2241068,
-1643007,
-714572,
150712,
606493,
516474,
24994,
-503568,
-655363,
-173145,
898201,
2200271,
3198652,
3414928,
2650632,
1098111,
-720364,
-2166972,
-2765230,
-2414163,
-1437110,
-434493,
-231,
-428845,
-1551556,
-2786616,
-3392815,
-2818691,
-988441,
1614047,
4115189,
5612109,
5567429,
4057950,
1755145,
-365928,
-1466491,
-1234263,
-39340,
1228431,
1579232,
415108,
-2135193,
-5206058,
-7534002,
-8008611,
-6190533,
-2555393,
1666404,
4996817,
6351149,
5520868,
3269118,
979029,
126,
986045,
3535199,
6319820,
7668368,
6353095,
2224140,
-3615541,
-9203193,
-12527248,
-12404883,
-9025950,
-3897921,
808830,
3238358,
2709383,
52891,
-2754151,
-3520111,
-925084,
4741656,
11560974,
16733222,
17794819,
13765057,
5688894,
-3707822,
-11138849,
-14177905,
-12340366,
-7312737,
-2185462,
-109,
-2256839,
-8081032,
-14478949,
-17628577,
-14665667,
-5161195,
8419593,
21558497,
29523669,
29425424,
21559453,
9380713,
-1957282,
-7905818,
-6649707,
-62719,
7030414,
9052526,
2409327,
-12481546,
-30874285,
-45384768,
-49078599,
-38657894,
-16296093,
10831993,
33306474,
43448333,
38828950,
23665782,
7274617,
55,
8219867,
30593480,
57397153,
73625183,
64969600,
24456239,
-43002279,
-120295374,
-182681470,
-205962790,
-175454138,
-92394595,
24808941,
145325919,
235261919,
268501733,
235261919,
145325919,
24808941,
-92394595,
-175454138,
-205962790,
-182681470,
-120295374,
-43002279,
24456239,
64969600,
73625183,
57397153,
30593480,
8219867,
55,
7274617,
23665782,
38828950,
43448333,
33306474,
10831993,
-16296093,
-38657894,
-49078599,
-45384768,
-30874285,
-12481546,
2409327,
9052526,
7030414,
-62719,
-6649707,
-7905818,
-1957282,
9380713,
21559453,
29425424,
29523669,
21558497,
8419593,
-5161195,
-14665667,
-17628577,
-14478949,
-8081032,
-2256839,
-109,
-2185462,
-7312737,
-12340366,
-14177905,
-11138849,
-3707822,
5688894,
13765057,
17794819,
16733222,
11560974,
4741656,
-925084,
-3520111,
-2754151,
52891,
2709383,
3238358,
808830,
-3897921,
-9025950,
-12404883,
-12527248,
-9203193,
-3615541,
2224140,
6353095,
7668368,
6319820,
3535199,
986045,
126,
979029,
3269118,
5520868,
6351149,
4996817,
1666404,
-2555393,
-6190533,
-8008611,
-7534002,
-5206058,
-2135193,
415108,
1579232,
1228431,
-39340,
-1234263,
-1466491,
-365928,
1755145,
4057950,
5567429,
5612109,
4115189,
1614047,
-988441,
-2818691,
-3392815,
-2786616,
-1551556,
-428845,
-231,
-434493,
-1437110,
-2414163,
-2765230,
-2166972,
-720364,
1098111,
2650632,
3414928,
3198652,
2200271,
898201,
-173145,
-655363,
-503568,
24994,
516474,
606493,
150712,
-714572,
-1643007,
-2241068,
-2245772,
-1637058,
-638715,
386915,
1097808,
1312038,
1068726,
588934,
160110,
237,
167965,
544328,
903901,
1025531,
796690,
262734,
-396687,
-949739,
-1213210,
-1126445,
-767836,
-310410,
59504,
222255,
168475,
-9760,
-171998,
-199493,
-49693,
228024,
519545,
700866,
694171,
500031,
193224,
-113426,
-318834,
-374256,
-297711,
-158220,
-39509,
-1027,
-53773,
-160236,
-256312,
-283379,
-215406,
-69348,
104323,
245133,
308586,
283083,
191296,
76953,
-15612,
-59614,
-53948,
-19197,
15392,
26694,
7599,
-32000,
-73448,
-111874,
-288040,
28356,
